[
  [
    0,
    0.020776604067329552,
    0.08598376352959924,
    0.19927939421172589,
    0.36319623903475884,
    0.578860655142929,
    0.845773364771404,
    1.1616815955483653,
    1.5225636412925387,
    1.922733960281447,
    2.3550617114870076,
    2.8112811046428883,
    3.2823610487396024,
    3.7588963658205037,
    4.23148389243286,
    4.691053238677996,
    5.12913187789816,
    5.538035279843995,
    5.9109829220583086,
    6.242148843953868,
    6.526660371191491,
    6.760560837392665,
    6.940752097525958,
    7.064931060193737,
    7.1315320245530085,
    7.139683795239914,
    7.089187671248312,
    6.9805195844863075,
    6.8148568856279885,
    6.594127448309919,
    6.321075790217644,
    5.999337758381099,
    5.633512098755359,
    5.229214226146868,
    4.793095258659859,
    4.332808617188835,
    3.8569080497007358,
    3.374665542224866,
    2.8958055285609996,
    2.430162682562421,
    1.987283010009682,
    1.5759997152320648,
    1.2040237036405101,
    0.8775911672051852,
    0.601206154932149,
    0.37750471532762947,
    0.20725122948755112,
    0.08946025002794127,
    0.021622059728658133,
    0
  ],
  [
    0.020776604067329552,
    0.0432339278107821,
    0.11199531777174333,
    0.23105615236348145,
    0.4032336561796062,
    0.629856410848173,
    0.9105193253538117,
    1.2429373571148297,
    1.6229221854027935,
    2.044491674887319,
    2.5001048247728117,
    2.9809984206248004,
    3.4775892082561843,
    3.979899474163144,
    4.477965146720891,
    4.962192897749538,
    5.423643971681956,
    5.854234919928391,
    6.246856724340655,
    6.595422419500518,
    6.894858665936057,
    7.141058956966944,
    7.330815907569037,
    7.461748189884455,
    7.53223489945488,
    7.541367019221173,
    7.488922522779132,
    7.3753686413377,
    7.2018918715838645,
    6.970453300176302,
    6.683863632201142,
    6.345868874533602,
    5.961234032147286,
    5.535808742980182,
    5.076556091985286,
    4.591524747810677,
    4.089746033795195,
    3.581042452173433,
    3.0757429437265085,
    2.5843123634005325,
    2.1169167669292053,
    1.6829595648865736,
    1.2906332654144055,
    0.9465345418085808,
    0.6553851560961318,
    0.41988827343997365,
    0.24073141676346552,
    0.11672763663208788,
    0.04506952180724949,
    0.02165956550426907
  ],
  [
    0.08598376352959924,
    0.11199531777174333,
    0.18594875555022158,
    0.31214164372311026,
    0.4936504619081087,
    0.7319932542097257,
    1.026860257362228,
    1.375949396405072,
    1.7749339333189176,
    2.2175739484729684,
    2.6959644555047824,
    3.200894644652447,
    3.722278884271402,
    4.249613408984347,
    4.772413910866872,
    5.280597384332197,
    5.76478402039064,
    6.216508688164859,
    6.628343956022605,
    6.993945994501136,
    7.308040429489539,
    7.566367505248054,
    7.765605522241622,
    7.903289357069819,
    7.977737789167692,
    7.987999965012565,
    7.933827974971255,
    7.815679314216665,
    7.6347498880860485,
    7.393035050058567,
    7.09341276308517,
    6.73973926613371,
    6.336943689928806,
    5.891104234103646,
    5.409485435439051,
    4.900514663290763,
    4.373677386497985,
    3.839315982776678,
    3.3083264250563906,
    2.7917606537397597,
    2.300358148298432,
    1.8440452487294703,
    1.4314515748544756,
    1.0694962002346076,
    0.7630902844197527,
    0.5149881813121538,
    0.3257985249460826,
    0.19414491763241873,
    0.11694726158016706,
    0.08978292503214427
  ],
  [
    0.19927939421172589,
    0.23105615236348145,
    0.31214164372311026,
    0.4470866665500257,
    0.6391898575991354,
    0.8901373359618863,
    1.199711649516981,
    1.5656100033104448,
    1.9834018655263392,
    2.4466395232931144,
    2.9471148784659786,
    3.4752359002217093,
    4.020480939275288,
    4.57188160092074,
    5.118486044469888,
    5.649763226635868,
    6.1559219872721815,
    6.628133696810974,
    7.058660574102855,
    7.44090188797117,
    7.769376385076742,
    8.03966170019839,
    8.248311029104755,
    8.392764988554164,
    8.471273264093837,
    8.482837016257712,
    8.427179451579415,
    8.304748580913659,
    8.116752910341352,
    7.865227462997848,
    7.553123925249123,
    7.184414743358479,
    6.764196746007451,
    6.298775689800729,
    5.795709716386102,
    5.263788101227826,
    4.712923096033157,
    4.153938254413958,
    3.5982469747642156,
    3.0574296426767877,
    2.5427348579576785,
    2.06454658423015,
    1.631870711927368,
    1.2518979052234076,
    0.9296928051106428,
    0.6680433569644103,
    0.46748151896601625,
    0.32646287221892833,
    0.2416727959831325,
    0.2084145698410635
  ],
  [
    0.36319623903475884,
    0.4032336561796062,
    0.4936504619081087,
    0.6391898575991354,
    0.8433250487248737,
    1.107881056341733,
    1.4327258103496823,
    1.8155728404490343,
    2.251928002841777,
    2.735195668748999,
    3.2569385904420827,
    3.8072646145341094,
    4.375297063864469,
    4.949677273835912,
    5.51904859323422,
    6.072479971065318,
    6.599801191249034,
    7.091837406585782,
    7.540544794425476,
    7.939059907623181,
    8.281681859507552,
    8.563809112374265,
    8.781852199385558,
    8.933141266473065,
    9.01584384102204,
    9.028904421856742,
    8.972013736746387,
    8.845611951392028,
    8.650926659287904,
    8.390042946610075,
    8.065999009062738,
    7.682896586624831,
    7.2460109619848545,
    6.761880821472401,
    6.238354652774886,
    5.684568658860215,
    5.1108327231675945,
    4.528406979819723,
    3.949162642129597,
    3.3851364063038143,
    2.8480059500443358,
    2.3485313158384367,
    1.8960190656639466,
    1.4978692375725369,
    1.1592573943454751,
    0.8829862973332869,
    0.669517626091089,
    0.5171690883071093,
    0.4224416330807298,
    0.3804290824027872
  ],
  [
    0.578860655142929,
    0.629856410848173,
    0.7319932542097257,
    0.8901373359618863,
    1.107881056341733,
    1.387153265759393,
    1.7278972968596327,
    2.1278605284630254,
    2.582529617960465,
    3.085228545114478,
    3.6273750611312483,
    4.198869433479581,
    4.788572191149067,
    5.384818420863468,
    5.975916381055615,
    6.550586738075538,
    7.098312751833235,
    7.609587695593347,
    8.076060493440929,
    8.490591864267877,
    8.847240302373425,
    9.141200195122561,
    9.368714127308738,
    9.526979033686313,
    9.61406233470975,
    9.628840263496102,
    9.570966687614636,
    9.440876986509247,
    9.239827893736797,
    8.969970466797415,
    8.634449306834112,
    8.237516711582959,
    7.784645710969409,
    7.282621322089613,
    6.739585667901449,
    6.165010997508163,
    5.569576498035585,
    4.964931332088265,
    4.363338151469801,
    3.7772077985549855,
    3.218554806262162,
    2.698420966532425,
    2.226326249864204,
    1.8098088954980696,
    1.4541077305643284,
    1.1620208297074166,
    0.9339494584349561,
    0.7681104978456966,
    0.6608797517897776,
    0.607216438380171
  ],
  [
    0.845773364771404,
    0.9105193253538117,
    1.026860257362228,
    1.199711649516981,
    1.4327258103496823,
    1.7278972968596327,
    2.085233294732648,
    2.5025329542613597,
    2.9753107421955525,
    3.496882436502476,
    4.058611161871737,
    4.650289104326562,
    5.260612896685079,
    5.877700747413551,
    6.489598730549905,
    7.084731438209419,
    7.652265754443341,
    8.182372359383423,
    8.666384486506349,
    9.096865190542163,
    9.467601935764899,
    9.773550761713372,
    10.010752399833883,
    10.176240551636967,
    10.267959097686935,
    10.284701046469769,
    10.226078004934065,
    10.092525024974538,
    9.8853418053651,
    9.60676724105891,
    9.260080033085005,
    8.849713424481083,
    8.381367249049937,
    7.862095829936949,
    7.300346688433437,
    6.705923719558912,
    6.089850834658783,
    5.4641192456836105,
    4.8413140384759386,
    4.234132659056735,
    3.6548270353942964,
    3.114618473466033,
    2.62314578674432,
    2.188008651435111,
    1.814458358047715,
    1.5052683515344307,
    1.260791391167266,
    1.0791845207123774,
    0.9567627461041813,
    0.8884309196333027
  ],
  [
    1.1616815955483653,
    1.2429373571148297,
    1.375949396405072,
    1.5656100033104448,
    1.8155728404490343,
    2.1278605284630254,
    2.5025329542613597,
    2.937459494491251,
    3.428230298848616,
    3.9682264309876403,
    4.548848423300493,
    5.159881624626783,
    5.789959045040242,
    6.427071827930531,
    7.059075727421613,
    7.6741485239352105,
    8.261165826715958,
    8.809977930419919,
    9.311585155479035,
    9.758221098229193,
    10.143361291201199,
    10.461678832116789,
    10.70896921380456,
    10.882064838930605,
    10.978756498599584,
    10.997735196834505,
    10.93856359438699,
    10.801682230803424,
    10.588451557516343,
    10.301226553140157,
    9.943456160846274,
    9.519794957392449,
    9.03620952575072,
    8.500057470351837,
    7.9201137674599655,
    7.306518383912533,
    6.670622142109466,
    6.024715709379323,
    5.3816396177725965,
    4.754290366835811,
    4.155056386700645,
    3.595234120135562,
    3.0844844778616363,
    2.630390076623532,
    2.238162810595277,
    1.9105311341233133,
    1.6478112098916977,
    1.4481413496840518,
    1.3078400498052556,
    1.2218375968082609
  ],
  [
    1.5225636412925387,
    1.6229221854027935,
    1.7749339333189171,
    1.9834018655263392,
    2.251928002841777,
    2.582529617960465,
    2.9753107421955525,
    3.428230298848616,
    3.9370012656237146,
    4.495141467393494,
    5.0941779595040275,
    5.72398698548101,
    6.3732342485420705,
    7.029869181321953,
    7.681623898408375,
    8.316472426258088,
    8.923016727422123,
    9.49078008171974,
    10.010402587755284,
    10.473745584924878,
    10.873920358698829,
    11.205261267732306,
    11.463264844764183,
    11.644515286217791,
    11.746613943257422,
    11.768126705518513,
    11.708559032777247,
    11.568364093700941,
    11.348985069352883,
    11.052928114797279,
    10.68385768128686,
    10.24670092887452,
    9.747743069199236,
    9.194691241348892,
    8.596681844596734,
    7.964206290372672,
    7.308934080744558,
    6.643420805603962,
    5.980702074783799,
    5.33379130707065,
    4.715117029776447,
    4.135950189428374,
    3.6058800536997433,
    3.1323957639388764,
    2.720618806286696,
    2.3732115927156987,
    2.0904631902394026,
    1.8705301888035513,
    1.709793338234957,
    1.603281636325995
  ],
  [
    1.922733960281447,
    2.044491674887319,
    2.2175739484729684,
    2.4466395232931144,
    2.735195668748999,
    3.085228545114478,
    3.496882436502476,
    3.9682264309876394,
    4.495141467393494,
    5.07134876446225,
    5.688584108768202,
    6.3369042467824395,
    7.005095263509711,
    7.6811415295860765,
    8.352709507562631,
    9.007603667888002,
    9.6341606174013,
    10.221559897413718,
    10.76004310757075,
    11.24104480734973,
    11.657247597157996,
    12.00257932780793,
    12.272172692320225,
    12.462307116988232,
    12.570350643498887,
    12.594716076116917,
    12.534841575763982,
    12.391201425816426,
    12.165348007177085,
    11.859981138293314,
    11.479035895843298,
    11.027774979607106,
    10.512866975354468,
    9.94242813239746,
    9.326003410816973,
    8.67446363333168,
    7.9998005819477385,
    7.314811341769821,
    6.63267677856098,
    5.966455231668825,
    5.328528611100157,
    4.730050652176857,
    4.180452758878974,
    3.687059495184951,
    3.254853255049888,
    2.8864081702321593,
    2.581990906051243,
    2.3398052774880234,
    2.1563424966306033,
    2.026791510226436
  ],
  [
    2.3550617114870076,
    2.5001048247728117,
    2.6959644555047824,
    2.9471148784659786,
    3.2569385904420827,
    3.6273750611312483,
    4.058611161871737,
    4.548848423300493,
    5.094177959504027,
    5.688584108768202,
    6.324083754767319,
    6.990992234049052,
    7.678291664595004,
    8.374066270920075,
    9.065963777961498,
    9.741642798790059,
    10.389172569602056,
    10.997361590640246,
    11.556003481112706,
    12.056039568021104,
    12.489646880985717,
    12.85026651678053,
    13.132590629983177,
    13.332526930741485,
    13.447158094819745,
    13.474710519660755,
    13.414542905283215,
    13.267160566409952,
    13.034256424156148,
    12.718774438619963,
    12.324985995853321,
    11.858564727522271,
    11.326640877705685,
    10.737813319355226,
    10.102096527868595,
    9.430782149260686,
    8.736200954566083,
    8.031381109013303,
    7.329612102399161,
    6.643938653720668,
    5.986622780821014,
    5.368621967692534,
    4.799134311339472,
    4.285256286237752,
    3.8317857806919497,
    3.4411846858022113,
    3.113695211350222,
    2.8475861993388993,
    2.639493138890993,
    2.484809948135297
  ],
  [
    2.8112811046428883,
    2.9809984206248004,
    3.200894644652447,
    3.4752359002217093,
    3.8072646145341102,
    4.198869433479581,
    4.6502891043265615,
    5.159881624626784,
    5.72398698548101,
    6.3369042467824395,
    6.990992234049052,
    7.676889547290221,
    8.383836136150657,
    9.100067796898907,
    9.813248433019668,
    10.510903678401137,
    11.180823289943078,
    11.81140741318528,
    12.391941694645432,
    12.912796447007695,
    13.3655541470561,
    13.743076453612945,
    14.03952622523788,
    14.250361714793817,
    14.372319547018964,
    14.403400712543664,
    14.342870114213511,
    14.191275594983479,
    13.950487203651527,
    13.623752019760268,
    13.215754492036623,
    12.732667370342332,
    12.18217449686363,
    11.57344467788711,
    10.917036358895496,
    10.224716550627312,
    9.509184741858089,
    8.783703123640565,
    8.061647278770321,
    7.356004682320618,
    6.678859468673618,
    6.040908452564556,
    5.451053480091613,
    4.916108213286896,
    4.440644366884045,
    4.026985583764243,
    3.6753397413711717,
    3.384045683387701,
    3.149900504381264,
    2.9685296105627272
  ],
  [
    3.2823610487396024,
    3.4775892082561835,
    3.7222788842714016,
    4.020480939275288,
    4.375297063864469,
    4.788572191149067,
    5.260612896685079,
    5.789959045040242,
    6.3732342485420705,
    7.005095263509711,
    7.678291664595004,
    8.383836136150657,
    9.11127417584597,
    9.849031796306114,
    10.5848125923537,
    11.30601238197963,
    12.000120795295393,
    12.655084144239305,
    13.259611516521202,
    13.803414860827644,
    14.277382450396974,
    14.673692386577118,
    14.98587799872552,
    15.208859800648021,
    15.338959116465594,
    15.373906867709968,
    15.312857722134833,
    15.156415292933856,
    14.906668804516135,
    14.567236081596906,
    14.143302389187763,
    13.641640142714738,
    13.070591488737556,
    12.439994928647792,
    11.76103914233867,
    11.046032337365412,
    10.308083722246794,
    9.560704384891313,
    8.817346584788963,
    8.090911338163682,
    7.393262082608221,
    6.734785328646965,
    6.1240365074433205,
    5.567500820781605,
    5.069486113975272,
    4.632149871557436,
    4.255648000773765,
    3.938381475730274,
    3.6773097357652342,
    3.468297492208411
  ],
  [
    3.7588963658205037,
    3.979899474163144,
    4.249613408984347,
    4.57188160092074,
    4.949677273835912,
    5.3848184208634695,
    5.877700747413551,
    6.427071827930531,
    7.029869181321953,
    7.6811415295860765,
    8.374066270920075,
    9.100067796898907,
    9.849031796306114,
    10.609601480672826,
    11.36953412469915,
    12.116091564890297,
    12.836436979690864,
    13.518012416617172,
    14.148876586115282,
    14.717989422580924,
    15.21543762316223,
    15.632602642226104,
    15.962278486805308,
    16.1987504961408,
    16.337847821161088,
    16.376981588540392,
    16.315178025194548,
    16.15311159023551,
    15.893137985070252,
    15.539321443183788,
    15.097445657096715,
    14.574993837842428,
    13.981081466026339,
    13.326325919710568,
    12.622640745874477,
    11.882948873606686,
    11.120818018504123,
    10.350031805213494,
    9.584120179135986,
    8.835880715266093,
    8.116926841872253,
    7.437298706776536,
    6.805167200266563,
    6.2266522385461345,
    5.705764343057326,
    5.244465822409705,
    4.842836479290959,
    4.499320310171825,
    4.211025027587894,
    3.9740455219261372
  ],
  [
    4.23148389243286,
    4.477965146720891,
    4.772413910866872,
    5.118486044469888,
    5.51904859323422,
    5.975916381055615,
    6.489598730549905,
    7.059075727421613,
    7.681623898408375,
    8.352709507562631,
    9.065963777961498,
    9.813248433019668,
    10.5848125923537,
    11.369534124699149,
    12.155231111917088,
    12.929023176285758,
    13.677718933178113,
    14.388205241435148,
    15.047816239191711,
    15.644664890979818,
    16.16792606371726,
    16.608066917504566,
    16.957026562920465,
    17.208351602784745,
    17.3572967538186,
    17.400900004622468,
    17.33803983667687,
    17.169478344853026,
    16.89788930999337,
    16.527865227913605,
    16.06589289883629,
    15.520284328981408,
    14.901049161620227,
    14.219697137224973,
    13.48896426692792,
    12.722464057472232,
    11.934274278810477,
    11.138479014528036,
    10.348693479949139,
    9.577603861014747,
    8.836555210231348,
    8.135216936139843,
    7.481348132887934,
    6.8806750877729135,
    6.33688235514384,
    5.85170843331046,
    5.4251287020581325,
    5.0556027602805,
    4.740360962248354,
    4.475705576313015
  ],
  [
    4.691053238677996,
    4.962192897749538,
    5.280597384332197,
    5.649763226635868,
    6.072479971065318,
    6.550586738075538,
    7.08473143820942,
    7.6741485239352105,
    8.316472426258088,
    9.007603667888002,
    9.741642798790059,
    10.510903678401137,
    11.306012381979631,
    12.116091564890297,
    12.929023176285758,
    13.73177586442598,
    14.510778200772343,
    15.252315770955208,
    15.942929715198574,
    16.569796473750394,
    17.121072848673258,
    17.586196180709347,
    17.956135388165908,
    18.223593753568505,
    18.38316781111326,
    18.431467981659587,
    18.367205654096093,
    18.19124858477392,
    17.906642505602786,
    17.518592669122558,
    17.034395784790753,
    16.463311403944694,
    15.816363011016172,
    15.106063150444982,
    14.34606357162122,
    13.550739731983134,
    12.734727714712495,
    11.912439125022297,
    11.097584375959142,
    10.302735960333836,
    9.538960516478166,
    8.81554216900183,
    8.13981082276014,
    7.517079225233418,
    6.950683138161678,
    6.442111071996738,
    5.991204508068556,
    5.596406657705383,
    5.255037457749151,
    4.963574247901646
  ],
  [
    5.12913187789816,
    5.423643971681957,
    5.764784020390641,
    6.1559219872721815,
    6.599801191249034,
    7.098312751833236,
    7.6522657544433415,
    8.261165826715958,
    8.923016727422123,
    9.6341606174013,
    10.389172569602055,
    11.180823289943078,
    12.000120795295393,
    12.836436979690864,
    13.677718933178113,
    14.510778200772343,
    15.32164475789991,
    16.095967291134237,
    16.819438237088836,
    17.478221436235167,
    18.05936220551926,
    18.551163615024358,
    18.943517853489002,
    19.228186673414243,
    19.399028971003233,
    19.452175836031802,
    19.386153628516805,
    19.201954057775765,
    18.903047585075882,
    18.49533379604658,
    17.987020843367457,
    17.388426629085153,
    16.711697646149364,
    15.970447290825685,
    15.17932328017818,
    14.353522276501316,
    13.508277335480445,
    12.658348817531069,
    11.817550831755488,
    10.998342732042456,
    10.211509062676326,
    9.46594272688335,
    8.76853646619771,
    8.124178449665628,
    7.535840055024327,
    7.004738495277632,
    6.53055402921881,
    6.11168091257647,
    5.745492554115989,
    5.428603980768376
  ],
  [
    5.538035279843995,
    5.854234919928391,
    6.216508688164859,
    6.628133696810974,
    7.091837406585782,
    7.609587695593347,
    8.182372359383425,
    8.809977930419919,
    9.49078008171974,
    10.221559897413718,
    10.997361590640246,
    11.81140741318528,
    12.655084144239305,
    13.518012416617172,
    14.388205241435148,
    15.252315770955208,
    16.095967291134237,
    16.90415162002556,
    17.661676539275657,
    18.35363946569069,
    18.965903737526265,
    19.485555562709106,
    19.901323234247304,
    20.203944665471248,
    20.386473531958018,
    20.444517422576727,
    20.376402940805526,
    20.183262776648338,
    19.869039054314946,
    19.44039678481725,
    18.906542125554267,
    18.278943219723473,
    17.57095694819905,
    16.797372539910004,
    15.973891516778862,
    15.11657129386723,
    14.241265244766725,
    13.363093884935251,
    12.495979461892157,
    11.65226998865869,
    10.842469705184659,
    10.075082653353558,
    9.356566117844514,
    8.691382433511691,
    8.082131887586916,
    7.529746382650308,
    7.033722933757291,
    6.592377415008844,
    6.203101602709961,
    5.862609876207456
  ],
  [
    5.910982922058309,
    6.246856724340656,
    6.628343956022606,
    7.058660574102855,
    7.540544794425474,
    8.076060493440929,
    8.666384486506352,
    9.311585155479033,
    10.010402587755284,
    10.76004310757075,
    11.556003481112706,
    12.391941694645432,
    13.259611516521202,
    14.148876586115282,
    15.047816239191707,
    15.942929715198575,
    16.819438237088836,
    17.661676539275657,
    18.45355783440742,
    19.17909007010307,
    19.822917496270925,
    20.37086042221525,
    20.810427384408914,
    21.131277051933264,
    21.325611071817313,
    21.388482755198375,
    21.318009442127668,
    21.115478524377306,
    20.785338974204254,
    20.335072708254533,
    19.774944119259054,
    19.117632183222515,
    18.377757581482918,
    17.571326376005157,
    16.71512042377409,
    15.826071140915555,
    14.920655903935677,
    14.014354479524888,
    13.12119653473365,
    12.253421545563416,
    11.421260967069212,
    10.632841202693912,
    9.894196304683888,
    9.209372478695604,
    8.580602716217232,
    8.00852901461501,
    7.492451052208881,
    7.030583086942028,
    6.620304492520239,
    6.258393135642328
  ],
  [
    6.242148843953868,
    6.595422419500518,
    6.993945994501137,
    7.44090188797117,
    7.939059907623181,
    8.490591864267879,
    9.096865190542163,
    9.758221098229193,
    10.473745584924878,
    11.24104480734973,
    12.056039568021104,
    12.912796447007695,
    13.803414860827644,
    14.717989422580924,
    15.644664890979818,
    16.569796473750394,
    17.478221436235167,
    18.35363946569069,
    19.17909007010307,
    19.937506683486745,
    20.612320286337848,
    21.188081060609843,
    21.651065164035973,
    21.989834828839527,
    22.195722945563976,
    22.26321724749378,
    22.19022354298762,
    21.978191976216674,
    21.632095335499525,
    21.160254566519487,
    20.574014414107825,
    19.88728158694317,
    19.115948374816334,
    18.277234882473106,
    17.388991167424933,
    16.469004824737063,
    15.534358789679803,
    14.600878155329232,
    13.682694529078818,
    12.791943621745448,
    11.938598491301894,
    11.130429115727667,
    10.373070149482997,
    9.670173470254731,
    9.023620362002745,
    8.43376928573745,
    7.899718265469061,
    7.419565038397892,
    6.990652504382571,
    6.609791107851487
  ],
  [
    6.526660371191491,
    6.894858665936057,
    7.308040429489539,
    7.769376385076742,
    8.281681859507552,
    8.847240302373427,
    9.467601935764897,
    10.143361291201199,
    10.873920358698829,
    11.657247597157996,
    12.489646880985717,
    13.3655541470561,
    14.277382450396974,
    15.21543762316223,
    16.16792606371726,
    17.121072848673258,
    18.05936220551926,
    18.965903737526265,
    19.822917496270925,
    20.612320286337848,
    21.316385847904705,
    21.91844402102168,
    22.40357943829054,
    22.759288934763372,
    22.976058406386834,
    23.047823712624133,
    22.972285852432297,
    22.751057756882357,
    22.38962866348556,
    21.897142336390264,
    21.285997352877626,
    20.571290740505145,
    19.770139172745466,
    18.900922890814112,
    17.98250453553528,
    17.03347658896068,
    16.071486531190054,
    15.112678707786804,
    14.17127796345166,
    13.259324669517609,
    12.386556259374949,
    11.560418708641084,
    10.78618366135873,
    10.067143331737487,
    9.404855398913018,
    8.799412912316498,
    8.249718645769352,
    7.7537483810785535,
    7.3087925027726754,
    6.9116695614256685
  ],
  [
    6.760560837392665,
    7.141058956966944,
    7.566367505248054,
    8.039661700198387,
    8.563809112374265,
    9.141200195122561,
    9.77355076171337,
    10.461678832116789,
    11.205261267732306,
    12.002579327807927,
    12.85026651678053,
    13.743076453612945,
    14.673692386577118,
    15.632602642226104,
    16.608066917504566,
    17.586196180709347,
    18.551163615024358,
    19.485555562709106,
    20.37086042221525,
    21.188081060609843,
    21.91844402102168,
    22.54416816620317,
    23.04924766708486,
    23.42020018055376,
    23.64673087308096,
    23.722266427851213,
    23.644319934736718,
    23.41465724504632,
    23.03924769803435,
    22.527996750512923,
    21.89427428119729,
    21.15426893058047,
    20.32621389113267,
    19.429540856387977,
    18.484024344626235,
    17.508977122298347,
    16.522549013573368,
    15.54116738718105,
    14.579140468699965,
    13.648427150466127,
    12.758561710988053,
    11.916710578735074,
    11.127831739228231,
    10.394905401389646,
    9.719206242878,
    9.100591745912368,
    8.53778659680418,
    8.02864883320693,
    7.5704086632841845,
    7.159875242112024
  ],
  [
    6.940752097525959,
    7.330815907569037,
    7.765605522241622,
    8.248311029104755,
    8.781852199385558,
    9.368714127308738,
    10.010752399833883,
    10.708969213804558,
    11.463264844764183,
    12.272172692320225,
    13.132590629983177,
    14.03952622523788,
    14.98587799872552,
    15.962278486805308,
    16.957026562920465,
    17.956135388165908,
    18.943517853489,
    19.901323234247304,
    20.810427384408914,
    21.651065164035973,
    22.40357943829054,
    23.04924766708486,
    23.571136482393488,
    23.95492799415091,
    24.18965960036447,
    24.26832200738025,
    24.188267824054602,
    23.95139508949526,
    23.56408585620327,
    23.036898608921092,
    22.384033488212566,
    21.62260902469687,
    20.771805898214,
    19.85194457069849,
    18.883567522986667,
    17.88659245456041,
    16.879590894796976,
    15.879229346846527,
    14.899890352308999,
    13.953471882262678,
    13.049347818487508,
    12.194461553708832,
    11.393519333253488,
    10.64924934030482,
    9.962695539492126,
    9.333520559689736,
    8.760298124209864,
    8.240781710034357,
    7.772141569710548,
    7.351166639817585
  ],
  [
    7.064931060193737,
    7.461748189884455,
    7.903289357069819,
    8.392764988554164,
    8.933141266473065,
    9.526979033686313,
    10.176240551636967,
    10.882064838930605,
    11.644515286217791,
    12.462307116988232,
    13.332526930741485,
    14.250361714793817,
    15.208859800648021,
    16.1987504961408,
    17.208351602784745,
    18.223593753568505,
    19.228186673414243,
    20.203944665471248,
    21.131277051933264,
    21.989834828839527,
    22.759288934763372,
    23.42020018055376,
    23.95492799415091,
    24.348516371561555,
    24.589491949378196,
    24.670511498041424,
    24.588804424442543,
    24.3463696771297,
    23.949904957950302,
    23.410468042440026,
    22.742893348788883,
    21.965009090732938,
    21.096718451381236,
    20.15901945032871,
    19.17304065215651,
    18.159163156231617,
    17.13628468331409,
    16.12126173006731,
    15.128544152890683,
    14.169996544572635,
    13.254884960342899,
    12.389997313653703,
    11.579861248675003,
    10.827023697830912,
    10.132360291710405,
    9.495388807525414,
    8.914567588175185,
    8.387566337177095,
    7.911502272316512,
    7.483139015172455
  ],
  [
    7.1315320245530085,
    7.53223489945488,
    7.977737789167692,
    8.47127326409384,
    9.01584384102204,
    9.61406233470975,
    10.267959097686935,
    10.978756498599584,
    11.746613943257422,
    12.570350643498887,
    13.447158094819748,
    14.372319547018964,
    15.338959116465594,
    16.337847821161088,
    17.3572967538186,
    18.38316781111326,
    19.399028971003233,
    20.386473531958018,
    21.325611071817313,
    22.195722945563976,
    22.976058406386834,
    23.64673087308096,
    24.18965960036447,
    24.589491949378196,
    24.83443702903385,
    24.916943492875372,
    24.83416292080485,
    24.588155109112847,
    24.18581178312579,
    23.638499136409784,
    22.961444873062902,
    22.172919128760263,
    21.293277526993222,
    20.343945783762088,
    19.346426877220836,
    18.321403664122247,
    17.287993563394743,
    16.263190581803944,
    15.261507242342137,
    14.2948083923843,
    13.372312978710333,
    12.500729942913853,
    11.684490403825881,
    10.92603928943885,
    10.226154085671759,
    9.584264819030325,
    8.998756430976766,
    8.467241344374118,
    7.986795670467391,
    7.554156901425639
  ],
  [
    7.139683795239914,
    7.541367019221173,
    7.987999965012566,
    8.482837016257712,
    9.028904421856742,
    9.628840263496102,
    10.28470104646977,
    10.997735196834505,
    11.768126705518513,
    12.594716076116917,
    13.474710519660755,
    14.403400712543664,
    15.373906867709968,
    16.376981588540392,
    17.400900004622468,
    18.431467981659587,
    19.452175836031802,
    20.444517422576727,
    21.388482755198375,
    22.26321724749378,
    23.047823712624133,
    23.722266427851213,
    24.26832200738025,
    24.670511498041424,
    24.916943492875372,
    25,
    24.916805525830394,
    24.669434955091468,
    24.264836358515726,
    23.714469184112733,
    23.033684003242993,
    22.24089405431727,
    21.356607941877503,
    20.402404060344583,
    19.39992878745331,
    18.369992084647645,
    17.331817526779854,
    16.302482079451316,
    15.296557929073757,
    14.325947888243054,
    13.399889921387432,
    12.525096411791992,
    11.7059898825312,
    10.944997993652985,
    10.242875263667905,
    9.599025520818286,
    9.011806214346233,
    8.478802416046962,
    7.9970640239977016,
    7.563304091476711
  ],
  [
    7.089187671248312,
    7.488922522779132,
    7.933827974971255,
    8.427179451579415,
    8.972013736746387,
    9.570966687614636,
    10.226078004934065,
    10.93856359438699,
    11.708559032777245,
    12.534841575763982,
    13.414542905283215,
    14.342870114213511,
    15.312857722134833,
    16.315178025194548,
    17.33803983667687,
    18.367205654096093,
    19.3861536285168,
    20.376402940805526,
    21.318009442127668,
    22.190223542987624,
    22.972285852432297,
    23.644319934736718,
    24.188267824054602,
    24.588804424442543,
    24.83416292080485,
    24.916805525830394,
    24.833882406105857,
    24.587436083920995,
    24.184328124648736,
    23.63588803873732,
    22.957308912820753,
    22.16683754201458,
    21.2848256222116,
    20.332719983200338,
    19.332071989937617,
    18.303638779157176,
    17.266633377094955,
    16.238159869091355,
    15.23284730637785,
    14.262675439146392,
    13.336969277431358,
    12.46252924933653,
    11.64385942303324,
    10.883456982427603,
    10.182130455130574,
    9.539320527073732,
    8.953404274732566,
    8.421970293606474,
    7.942057883143357,
    7.5103578900219325
  ],
  [
    6.9805195844863075,
    7.3753686413377,
    7.815679314216666,
    8.304748580913659,
    8.845611951392028,
    9.440876986509247,
    10.092525024974538,
    10.801682230803424,
    11.568364093700941,
    12.391201425816426,
    13.267160566409952,
    14.191275594983479,
    15.156415292933856,
    16.15311159023551,
    17.169478344853026,
    18.191248584773923,
    19.201954057775765,
    20.183262776648338,
    21.115478524377306,
    21.978191976216674,
    22.751057756882357,
    23.41465724504632,
    23.95139508949526,
    24.3463696771297,
    24.588155109112847,
    24.669434955091468,
    24.587436083920995,
    24.3441238246407,
    23.94613693073816,
    23.404461252458315,
    22.733863043538797,
    21.952124162632916,
    21.079139320789476,
    20.135947235047848,
    19.143771040598274,
    18.123137896505447,
    17.093134346775454,
    16.0708350999859,
    15.070921770708921,
    14.105488147073464,
    13.184012388065733,
    12.313465749224902,
    11.498522300622328,
    10.741833953333128,
    10.044338663049274,
    9.405575451836674,
    8.823986528914556,
    8.297193260969292,
    7.822238378406146,
    7.395791285274164
  ],
  [
    6.8148568856279885,
    7.2018918715838645,
    7.6347498880860485,
    8.116752910341352,
    8.650926659287904,
    9.239827893736797,
    9.885341805365103,
    10.588451557516345,
    11.348985069352882,
    12.165348007177085,
    13.034256424156148,
    13.95048720365153,
    14.906668804516135,
    15.893137985070252,
    16.89788930999337,
    17.906642505602782,
    18.903047585075882,
    19.869039054314946,
    20.785338974204254,
    21.632095335499525,
    22.38962866348556,
    23.03924769803435,
    23.56408585620327,
    23.949904957950302,
    24.18581178312579,
    24.264836358515726,
    24.184328124648736,
    23.94613693073816,
    23.556559780779768,
    23.026050885874366,
    22.368710930796972,
    21.601589961068935,
    20.74385474093438,
    19.815883346402998,
    18.838354999449287,
    17.831400573141117,
    16.81386908879889,
    15.802749623322315,
    14.812769118159302,
    13.85616773197061,
    12.942637307886123,
    12.079397009584383,
    11.271373872238103,
    10.521454563091115,
    9.830777015538683,
    9.199035451810943,
    8.624778333377947,
    8.105684911249599,
    7.638811565833512,
    7.22080363835004
  ],
  [
    6.594127448309919,
    6.9704533001763025,
    7.393035050058566,
    7.865227462997846,
    8.390042946610075,
    8.969970466797415,
    9.60676724105891,
    10.301226553140157,
    11.052928114797275,
    11.859981138293314,
    12.718774438619961,
    13.623752019760268,
    14.567236081596906,
    15.539321443183788,
    16.527865227913605,
    17.518592669122558,
    18.49533379604658,
    19.44039678481725,
    20.335072708254533,
    21.160254566519487,
    21.897142336390264,
    22.527996750512923,
    23.036898608921092,
    23.410468042440026,
    23.638499136409784,
    23.714469184112733,
    23.63588803873732,
    23.404461252458315,
    23.026050885874366,
    22.510430087184954,
    21.870841569974516,
    21.123385155502156,
    20.286274042758752,
    19.379011321901103,
    18.421545288205362,
    17.433462766032598,
    16.433273471391033,
    15.437826338934237,
    14.461882783890223,
    13.517854749888203,
    12.615699742666902,
    11.762952865416992,
    10.964868196971786,
    10.224638756996738,
    9.543665091570686,
    8.921846069787415,
    8.357870590422262,
    7.849494488208204,
    7.393792214711783,
    6.98737737626279
  ],
  [
    6.321075790217644,
    6.683863632201142,
    7.09341276308517,
    7.553123925249121,
    8.065999009062738,
    8.634449306834114,
    9.260080033085005,
    9.943456160846274,
    10.68385768128686,
    11.479035895843298,
    12.324985995853321,
    13.215754492036625,
    14.143302389187763,
    15.097445657096715,
    16.06589289883629,
    17.034395784790753,
    17.987020843367457,
    18.906542125554267,
    19.774944119259054,
    20.57401441410783,
    21.285997352877626,
    21.89427428119729,
    22.384033488212566,
    22.742893348788883,
    22.961444873062902,
    23.033684003242993,
    22.957308912820753,
    22.733863043538797,
    22.368710930796972,
    21.870841569974516,
    21.252503608188892,
    20.5286879248556,
    19.71648531217353,
    18.83435833836502,
    17.901375015964838,
    16.936455719538174,
    15.957682789205387,
    14.981714470080519,
    14.02333252257364,
    13.095138109246452,
    12.207395837274111,
    11.368013241778643,
    10.58263395118321,
    9.854817817348522,
    9.186280159707264,
    8.577164155742912,
    8.026324258529787,
    7.531603306314485,
    7.0900908770683735,
    6.6983548724739626
  ],
  [
    5.999337758381099,
    6.345868874533603,
    6.739739266133711,
    7.184414743358479,
    7.68289658662483,
    8.237516711582959,
    8.849713424481083,
    9.519794957392445,
    10.24670092887452,
    11.027774979607106,
    11.858564727522271,
    12.732667370342332,
    13.641640142714737,
    14.574993837842428,
    15.520284328981408,
    16.463311403944694,
    17.388426629085156,
    18.278943219723473,
    19.117632183222515,
    19.88728158694317,
    20.571290740505148,
    21.15426893058047,
    21.62260902469687,
    21.965009090732938,
    22.172919128760263,
    22.24089405431727,
    22.16683754201458,
    21.952124162632916,
    21.601589961068935,
    21.123385155502156,
    20.5286879248556,
    19.83128579510181,
    19.04704067079122,
    18.193263955124273,
    17.288037664409657,
    16.34952397521647,
    15.39530763099651,
    14.44181234570964,
    13.503824158912,
    12.594143017650168,
    11.723370702488207,
    10.89983068170795,
    10.129605271991176,
    9.416668605640595,
    8.763090584971327,
    8.169286841283556,
    7.634291918559642,
    7.1560365545456515,
    6.731614198411464,
    6.357526148387182
  ],
  [
    5.633512098755359,
    5.961234032147286,
    6.336943689928806,
    6.764196746007451,
    7.2460109619848545,
    7.784645710969409,
    8.381367249049937,
    9.03620952575072,
    9.747743069199236,
    10.512866975354468,
    11.326640877705682,
    12.18217449686363,
    13.070591488737554,
    13.981081466026339,
    14.901049161620227,
    15.816363011016172,
    16.711697646149364,
    17.57095694819905,
    18.377757581482918,
    19.115948374816334,
    19.770139172745466,
    20.32621389113267,
    20.771805898214,
    21.096718451381236,
    21.29327752699322,
    21.356607941877503,
    21.2848256222116,
    21.079139320789476,
    20.74385474093438,
    20.286274042758752,
    19.71648531217353,
    19.04704067079122,
    18.29252853407115,
    17.469054473956326,
    16.593654806789363,
    15.683675521426265,
    14.756154607230755,
    13.827246886417152,
    12.911726660196528,
    12.02259542981108,
    11.170811081597192,
    10.365143098409673,
    9.612147408118336,
    8.916245798760334,
    8.279889166992918,
    7.7037813137236055,
    7.187140143012674,
    6.727975257305529,
    6.323364303906847,
    5.969714331287562
  ],
  [
    5.229214226146867,
    5.535808742980182,
    5.891104234103646,
    6.298775689800729,
    6.761880821472401,
    7.282621322089613,
    7.8620958299369486,
    8.500057470351837,
    9.194691241348892,
    9.942428132397458,
    10.737813319355226,
    11.57344467788711,
    12.439994928647794,
    13.326325919710568,
    14.219697137224973,
    15.106063150444978,
    15.970447290825685,
    16.797372539910004,
    17.57132637600516,
    18.277234882473106,
    18.900922890814112,
    19.429540856387977,
    19.85194457069849,
    20.15901945032871,
    20.343945783762088,
    20.402404060344583,
    20.332719983200338,
    20.135947235047848,
    19.815883346402998,
    19.379011321901103,
    18.83435833836502,
    18.193263955124277,
    17.469054473956326,
    16.676627218025406,
    15.831957636326505,
    14.951551703330304,
    14.051874186604413,
    13.148788264639233,
    12.257042557838558,
    11.389837641934264,
    10.558496231179813,
    9.772250854581834,
    9.038151743766642,
    8.361087460952762,
